4 0.34765625 0.71875 0.1125 0.10390625
4 0.28046875 0.60390625 0.10859375 0.11875
4 0.41328125 0.55625 0.14921875 0.0984375
4 0.56328125 0.77578125 0.134375 0.1109375
4 0.24296875 0.7640625 0.12421875 0.109375
4 0.43515625 0.8140625 0.1 0.07578125
4 0.29375 0.825 0.09140625 0.11640625
4 0.18515625 0.9140625 0.12265625 0.0984375
4 0.42890625 0.9046875 0.13203125 0.14609375
4 0.3046875 0.9109375 0.09296875 0.0890625
4 0.18828125 0.934375 0.1453125 0.12890625
4 0.41875 0.7859375 0.10859375 0.10546875
4 0.20234375 0.7203125 0.0875 0.15546875
4 0.47109375 0.728125 0.13671875 0.09609375
5 0.60859375 0.94140625 0.06015625 0.11328125