4 0.86484375 0.61640625 0.06875 0.02578125
4 0.97890625 0.73203125 0.0375 0.0390625
4 0.7671875 0.98671875 0.06171875 0.021875
5 0.390625 0.953125 0.08359375 0.090625
4 0.77578125 0.828125 0.08515625 0.04453125
4 0.88515625 0.615625 0.06015625 0.05390625
4 0.82265625 0.7015625 0.075 0.0296875
4 0.95859375 0.9046875 0.065625 0.0609375
4 0.8390625 0.85703125 0.059375 0.0296875
4 0.8984375 0.77109375 0.07421875 0.0390625
4 0.95625 0.80390625 0.05390625 0.05546875
4 0.78828125 0.875 0.05546875 0.03125
4 0.88515625 0.809375 0.05703125 0.03671875
4 0.9140625 0.93359375 0.02578125 0.0484375
4 0.8671875 0.878125 0.065625 0.04453125