5 0.471875 0.89296875 0.04609375 0.08515625
4 0.75078125 0.70703125 0.065625 0.1
4 0.64921875 0.76171875 0.05546875 0.1203125
0 0.55234375 0.9390625 0.034375 0.06328125
4 0.60390625 0.871875 0.0625 0.16328125
4 0.71796875 0.88046875 0.07734375 0.1203125
4 0.809375 0.88828125 0.02734375 0.0984375
4 0.83359375 0.86328125 0.02578125 0.07421875
4 0.58359375 0.96171875 0.05234375 0.075
4 0.6046875 0.88125 0.01953125 0.11484375
4 0.70546875 0.7984375 0.09140625 0.0703125
4 0.7875 0.80703125 0.04375 0.08515625
4 0.675 0.9609375 0.0671875 0.0765625
4 0.83203125 0.728125 0.06875 0.059375