4 0.3578125 0.709375 0.08046875 0.09609375
4 0.51875 0.82109375 0.1 0.109375
4 0.26328125 0.89375 0.08203125 0.090625
4 0.29453125 0.90703125 0.11640625 0.140625
4 0.43671875 0.73359375 0.07265625 0.09296875
4 0.3 0.971875 0.07421875 0.0546875
4 0.28671875 0.740625 0.08828125 0.1109375
4 0.38359375 0.94609375 0.0859375 0.10625
4 0.44765625 0.83671875 0.096875 0.14453125
4 0.46875 0.9828125 0.0515625 0.03203125
4 0.34765625 0.828125 0.06171875 0.09609375
4 0.5234375 0.92109375 0.09453125 0.1015625
4 0.55625 0.86953125 0.08515625 0.08359375
4 0.3109375 0.79921875 0.08828125 0.13515625
5 0.60859375 0.94140625 0.06015625 0.11328125