4 0.63828125 0.66796875 0.09453125 0.1203125
4 0.48359375 0.81015625 0.1 0.10546875
4 0.72578125 0.87890625 0.11171875 0.1796875
4 0.57734375 0.67890625 0.08984375 0.13125
4 0.7078125 0.97734375 0.07421875 0.04375
4 0.73828125 0.73046875 0.08828125 0.128125
4 0.6359375 0.9421875 0.08828125 0.1140625
4 0.55234375 0.7953125 0.09375 0.14609375
4 0.5328125 0.98359375 0.05234375 0.03046875
4 0.66953125 0.8359375 0.07265625 0.11640625
4 0.49453125 0.92421875 0.09453125 0.1
4 0.44609375 0.86328125 0.08125 0.08515625
4 0.7046875 0.76171875 0.08203125 0.16484375
5 0.39140625 0.94140625 0.06015625 0.11328125