5 0.471875 0.89296875 0.04609375 0.08515625
4 0.75078125 0.70703125 0.065625 0.1
4 0.6515625 0.76015625 0.05703125 0.1203125
0 0.553125 0.93828125 0.03359375 0.0609375
4 0.60234375 0.87421875 0.065625 0.1703125
4 0.71796875 0.8796875 0.07890625 0.11484375
4 0.80859375 0.88984375 0.02734375 0.0984375
4 0.83359375 0.86328125 0.02578125 0.07421875
4 0.584375 0.9625 0.0515625 0.0734375
4 0.6015625 0.88359375 0.01953125 0.11484375
4 0.70859375 0.8 0.09140625 0.06640625
4 0.78828125 0.8109375 0.04140625 0.08515625
4 0.67890625 0.9640625 0.06640625 0.06953125
4 0.8328125 0.7296875 0.06953125 0.059375