4 0.22265625 0.4953125 0.05234375 0.05703125
4 0.18359375 0.59609375 0.06171875 0.08125
4 0.2125 0.559375 0.04375 0.0515625
4 0.26171875 0.67109375 0.07890625 0.05
4 0.23203125 0.50078125 0.065625 0.05703125
4 0.21015625 0.68125 0.05703125 0.04453125
4 0.37109375 0.70625 0.06875 0.05
4 0.27734375 0.8046875 0.05 0.0390625
5 0.60390625 0.953125 0.08359375 0.090625
4 0.4296875 0.375 0.07421875 0.04296875
4 0.26953125 0.384375 0.06328125 0.0390625
4 0.31015625 0.609375 0.07890625 0.0515625
4 0.32421875 0.41484375 0.07421875 0.059375
4 0.33359375 0.746875 0.06171875 0.04296875
4 0.23203125 0.71640625 0.06484375 0.04453125
4 0.40546875 0.51875 0.07734375 0.05546875
4 0.278125 0.73046875 0.04765625 0.04609375
4 0.26875 0.59453125 0.05 0.0296875
4 0.25390625 0.63125 0.04140625 0.0296875