4 0.32578125 0.63046875 0.09609375 0.1390625
4 0.48984375 0.80078125 0.08125 0.109375
4 0.26875 0.75546875 0.1 0.12578125
4 0.2140625 0.8515625 0.06796875 0.140625
4 0.2765625 0.80703125 0.146875 0.16640625
4 0.3828125 0.67109375 0.103125 0.109375
4 0.25625 0.94453125 0.0890625 0.10859375
4 0.23984375 0.634375 0.10703125 0.12421875
4 0.3453125 0.9484375 0.0890625 0.10078125
4 0.22421875 0.85625 0.03828125 0.071875
4 0.34296875 0.88828125 0.08125 0.11328125
4 0.43203125 0.725 0.09921875 0.16875
4 0.44375 0.971875 0.0640625 0.0546875
4 0.465625 0.93671875 0.0890625 0.125
4 0.23671875 0.6890625 0.09453125 0.1890625
5 0.60859375 0.94140625 0.06015625 0.11328125