5 0.54765625 0.06640625 0.07421875 0.10703125
0 0.3578125 0.19453125 0.04453125 0.05546875
4 0.9875 0.27109375 0.025 0.01640625
4 0.97890625 0.22734375 0.0421875 0.0171875
4 0.98203125 0.28515625 0.03359375 0.02578125
4 0.96484375 0.43203125 0.06953125 0.03125
4 0.9765625 0.1609375 0.046875 0.02578125
4 0.96796875 0.12421875 0.0640625 0.0578125
4 0.9640625 0.02578125 0.0703125 0.04921875
4 0.97578125 0.45625 0.0484375 0.0375
4 0.959375 0.24375 0.05859375 0.03125
4 0.9640625 0.625 0.06328125 0.071875