4 0.64921875 0.46953125 0.09609375 0.13125
4 0.50078125 0.709375 0.090625 0.1484375
4 0.7890625 0.71171875 0.103125 0.1015625
4 0.571875 0.75703125 0.06640625 0.1
4 0.70546875 0.7203125 0.09765625 0.14453125
4 0.85234375 0.80703125 0.084375 0.140625
4 0.71015625 0.83984375 0.11796875 0.21328125
4 0.65078125 0.7 0.07421875 0.10390625
4 0.76328125 0.90078125 0.1 0.18671875
4 0.7640625 0.57421875 0.11171875 0.12578125
4 0.69765625 0.91640625 0.103125 0.140625
4 0.67890625 0.85390625 0.078125 0.11875
4 0.57578125 0.628125 0.10234375 0.178125
4 0.62109375 0.95078125 0.03984375 0.071875
4 0.58359375 0.9234375 0.08359375 0.0984375
4 0.79921875 0.5703125 0.11640625 0.16328125
4 0.50859375 0.6515625 0.065625 0.1109375
5 0.39140625 0.94140625 0.06015625 0.11328125