4 0.65234375 0.71875 0.1125 0.10390625
4 0.71953125 0.60390625 0.10859375 0.11875
4 0.58671875 0.55625 0.14921875 0.0984375
4 0.43671875 0.77578125 0.134375 0.1109375
4 0.75703125 0.7640625 0.12421875 0.109375
4 0.56484375 0.8140625 0.1 0.07578125
4 0.70625 0.825 0.09140625 0.11640625
4 0.81484375 0.9140625 0.12265625 0.0984375
4 0.57109375 0.9046875 0.13203125 0.14609375
4 0.6953125 0.9109375 0.09296875 0.0890625
4 0.81171875 0.934375 0.1453125 0.12890625
4 0.58125 0.7859375 0.10859375 0.10546875
4 0.79765625 0.7203125 0.0875 0.15546875
4 0.52890625 0.728125 0.13671875 0.09609375
5 0.39140625 0.94140625 0.06015625 0.11328125