4 0.85703125 0.34296875 0.06953125 0.03359375
4 0.93671875 0.23671875 0.05234375 0.0515625
4 0.76015625 0.01796875 0.06171875 0.03125
5 0.390625 0.046875 0.08359375 0.090625
4 0.74296875 0.18046875 0.08359375 0.0390625
4 0.87265625 0.37578125 0.06015625 0.0484375
4 0.80546875 0.26484375 0.07578125 0.0296875
4 0.93515625 0.07109375 0.06953125 0.06484375
4 0.8234375 0.14609375 0.059375 0.03359375
4 0.88671875 0.2203125 0.07421875 0.03671875
4 0.92578125 0.178125 0.05390625 0.03359375
4 0.77109375 0.11953125 0.05234375 0.03125
4 0.88046875 0.1484375 0.05 0.03359375
4 0.8859375 0.065625 0.05078125 0.028125
4 0.85 0.08515625 0.04609375 0.03671875