4 0.29140625 0.27109375 0.06015625 0.05703125
4 0.27578125 0.3796875 0.059375 0.078125
4 0.28828125 0.39296875 0.046875 0.040625
4 0.30390625 0.5109375 0.05546875 0.04453125
4 0.31796875 0.55625 0.059375 0.07578125
4 0.33125 0.30078125 0.07265625 0.07578125
4 0.25390625 0.496875 0.053125 0.08359375
4 0.38046875 0.57109375 0.05234375 0.05390625
4 0.3890625 0.609375 0.065625 0.04453125
5 0.60390625 0.953125 0.08359375 0.090625
4 0.4765625 0.275 0.08046875 0.04296875
4 0.40625 0.13984375 0.05390625 0.03125
4 0.3734375 0.48515625 0.071875 0.0484375
4 0.47890625 0.33125 0.08125 0.0296875
4 0.46953125 0.53984375 0.059375 0.05
4 0.32890625 0.61015625 0.06875 0.04296875
4 0.4609375 0.41796875 0.06796875 0.07578125
4 0.33984375 0.58671875 0.03046875 0.02578125
4 0.36171875 0.4265625 0.05859375 0.0390625
4 0.36015625 0.49453125 0.04921875 0.0296875