4 0.19765625 0.66484375 0.06171875 0.03359375
4 0.1234375 0.709375 0.046875 0.03671875
4 0.1671875 0.86171875 0.05703125 0.04296875
4 0.35703125 0.896875 0.05546875 0.04296875
5 0.609375 0.953125 0.08359375 0.090625
4 0.28359375 0.6890625 0.071875 0.04453125
4 0.18359375 0.634375 0.06796875 0.0390625
4 0.20703125 0.88125 0.06484375 0.04453125
4 0.26640625 0.6859375 0.05625 0.04609375
4 0.15078125 0.940625 0.06171875 0.03671875
4 0.315625 0.76015625 0.04375 0.05703125
4 0.23671875 0.79921875 0.05234375 0.04296875
4 0.165625 0.76953125 0.06875 0.03125
4 0.20390625 0.975 0.040625 0.03515625