4 0.14296875 0.65703125 0.06953125 0.03359375
4 0.06328125 0.76328125 0.05234375 0.0515625
4 0.23984375 0.98203125 0.06171875 0.03125
5 0.609375 0.953125 0.08359375 0.090625
4 0.25703125 0.81953125 0.08359375 0.0390625
4 0.12734375 0.62421875 0.06015625 0.0484375
4 0.19453125 0.73515625 0.07578125 0.0296875
4 0.06484375 0.92890625 0.06953125 0.06484375
4 0.1765625 0.85390625 0.059375 0.03359375
4 0.11328125 0.7796875 0.07421875 0.03671875
4 0.07421875 0.821875 0.05390625 0.03359375
4 0.22890625 0.88046875 0.05234375 0.03125
4 0.11953125 0.8515625 0.05 0.03359375
4 0.1140625 0.934375 0.05078125 0.028125
4 0.15 0.91484375 0.04609375 0.03671875