4 0.36171875 0.66796875 0.09453125 0.1203125
4 0.51640625 0.81015625 0.1 0.10546875
4 0.27421875 0.87890625 0.11171875 0.1796875
4 0.42265625 0.67890625 0.08984375 0.13125
4 0.2921875 0.97734375 0.07421875 0.04375
4 0.26171875 0.73046875 0.08828125 0.128125
4 0.3640625 0.9421875 0.08828125 0.1140625
4 0.44765625 0.7953125 0.09375 0.14609375
4 0.4671875 0.98359375 0.05234375 0.03046875
4 0.33046875 0.8359375 0.07265625 0.11640625
4 0.50546875 0.92421875 0.09453125 0.1
4 0.55390625 0.86328125 0.08125 0.08515625
4 0.2953125 0.76171875 0.08203125 0.16484375
5 0.60859375 0.94140625 0.06015625 0.11328125