4 0.20078125 0.65625 0.06171875 0.04296875
4 0.13203125 0.71328125 0.059375 0.03359375
4 0.16796875 0.853125 0.05703125 0.0390625
4 0.35390625 0.88046875 0.05546875 0.04296875
5 0.609375 0.953125 0.08359375 0.090625
4 0.28828125 0.646875 0.071875 0.071875
4 0.19140625 0.609375 0.06328125 0.04453125
4 0.21171875 0.871875 0.06484375 0.04453125
4 0.26953125 0.66953125 0.05625 0.04609375
4 0.1640625 0.92109375 0.06171875 0.04609375
4 0.3171875 0.73046875 0.05078125 0.06484375
4 0.24296875 0.7859375 0.04765625 0.04296875
4 0.165625 0.75859375 0.06875 0.03125
4 0.2046875 0.975 0.040625 0.03515625