4 0.1453125 0.32578125 0.06953125 0.03359375
4 0.075 0.23671875 0.05234375 0.06640625
4 0.2484375 0.01796875 0.06171875 0.03125
5 0.609375 0.046875 0.08359375 0.090625
4 0.27109375 0.19140625 0.090625 0.0390625
4 0.13359375 0.37578125 0.06015625 0.0484375
4 0.2015625 0.25546875 0.071875 0.03359375
4 0.07578125 0.06640625 0.06953125 0.06328125
4 0.18515625 0.1515625 0.059375 0.03359375
4 0.11640625 0.2203125 0.07421875 0.03671875
4 0.084375 0.17421875 0.05234375 0.03359375
4 0.240625 0.11953125 0.05234375 0.03125
4 0.11953125 0.12578125 0.05 0.03359375