4 0.35078125 0.46953125 0.09609375 0.13125
4 0.49921875 0.709375 0.090625 0.1484375
4 0.2109375 0.71171875 0.103125 0.1015625
4 0.428125 0.75703125 0.06640625 0.1
4 0.29453125 0.7203125 0.09765625 0.14453125
4 0.14765625 0.80703125 0.084375 0.140625
4 0.28984375 0.83984375 0.11796875 0.21328125
4 0.34921875 0.7 0.07421875 0.10390625
4 0.23671875 0.90078125 0.1 0.18671875
4 0.2359375 0.57421875 0.11171875 0.12578125
4 0.30234375 0.91640625 0.103125 0.140625
4 0.32109375 0.85390625 0.078125 0.11875
4 0.42421875 0.628125 0.10234375 0.178125
4 0.37890625 0.95078125 0.03984375 0.071875
4 0.41640625 0.9234375 0.08359375 0.0984375
4 0.20078125 0.5703125 0.11640625 0.16328125
4 0.49140625 0.6515625 0.065625 0.1109375
5 0.60859375 0.94140625 0.06015625 0.11328125