4 0.85 0.759375 0.03359375 0.021875
4 0.89453125 0.68203125 0.04765625 0.028125
4 0.9078125 0.6265625 0.028125 0.0203125
4 0.91171875 0.49609375 0.034375 0.02578125
5 0.53515625 0.91875 0.06171875 0.12578125
4 0.90390625 0.83125 0.04609375 0.02578125
4 0.94921875 0.809375 0.02734375 0.01875
0 0.39921875 0.909375 0.04140625 0.05546875
4 0.96875 0.94921875 0.0375 0.028125
4 0.92890625 0.81875 0.025 0.021875
4 0.98828125 0.87109375 0.0234375 0.0390625
4 0.97265625 0.73359375 0.02109375 0.02578125
4 0.99140625 0.553125 0.0171875 0.01875
4 0.98828125 0.61875 0.0234375 0.021875