4 0.13515625 0.38359375 0.06875 0.02578125
4 0.02109375 0.26796875 0.0375 0.0390625
4 0.2328125 0.01328125 0.06171875 0.021875
5 0.609375 0.046875 0.08359375 0.090625
4 0.22421875 0.171875 0.08515625 0.04453125
4 0.11484375 0.384375 0.06015625 0.05390625
4 0.17734375 0.2984375 0.075 0.0296875
4 0.04140625 0.0953125 0.065625 0.0609375
4 0.1609375 0.14296875 0.059375 0.0296875
4 0.1015625 0.22890625 0.07421875 0.0390625
4 0.04375 0.19609375 0.05390625 0.05546875
4 0.21171875 0.125 0.05546875 0.03125
4 0.11484375 0.190625 0.05703125 0.03671875
4 0.0859375 0.06640625 0.02578125 0.0484375
4 0.1328125 0.121875 0.065625 0.04453125