4 0.79921875 0.34375 0.06171875 0.04296875
4 0.86796875 0.28671875 0.059375 0.03359375
4 0.83203125 0.146875 0.05703125 0.0390625
4 0.64609375 0.11953125 0.05546875 0.04296875
5 0.390625 0.046875 0.08359375 0.090625
4 0.71171875 0.353125 0.071875 0.071875
4 0.80859375 0.390625 0.06328125 0.04453125
4 0.78828125 0.128125 0.06484375 0.04453125
4 0.73046875 0.33046875 0.05625 0.04609375
4 0.8359375 0.07890625 0.06171875 0.04609375
4 0.6828125 0.26953125 0.05078125 0.06484375
4 0.75703125 0.2140625 0.04765625 0.04296875
4 0.834375 0.24140625 0.06875 0.03125
4 0.7953125 0.025 0.040625 0.03515625