4 0.67421875 0.63046875 0.09609375 0.1390625
4 0.51015625 0.80078125 0.08125 0.109375
4 0.73125 0.75546875 0.1 0.12578125
4 0.7859375 0.8515625 0.06796875 0.140625
4 0.7234375 0.80703125 0.146875 0.16640625
4 0.6171875 0.67109375 0.103125 0.109375
4 0.74375 0.94453125 0.0890625 0.10859375
4 0.76015625 0.634375 0.10703125 0.12421875
4 0.6546875 0.9484375 0.0890625 0.10078125
4 0.77578125 0.85625 0.03828125 0.071875
4 0.65703125 0.88828125 0.08125 0.11328125
4 0.56796875 0.725 0.09921875 0.16875
4 0.55625 0.971875 0.0640625 0.0546875
4 0.534375 0.93671875 0.0890625 0.125
4 0.76328125 0.6890625 0.09453125 0.1890625
5 0.39140625 0.94140625 0.06015625 0.11328125