5 0.45234375 0.93359375 0.07421875 0.10703125
0 0.6421875 0.80546875 0.04453125 0.05546875
4 0.0125 0.72890625 0.025 0.01640625
4 0.02109375 0.77265625 0.0421875 0.0171875
4 0.01796875 0.71484375 0.03359375 0.02578125
4 0.03515625 0.56796875 0.06953125 0.03125
4 0.0234375 0.8390625 0.046875 0.02578125
4 0.03203125 0.87578125 0.0640625 0.0578125
4 0.0359375 0.97421875 0.0703125 0.04921875
4 0.02421875 0.54375 0.0484375 0.0375
4 0.040625 0.75625 0.05859375 0.03125
4 0.0359375 0.375 0.06328125 0.071875