4 0.77734375 0.4953125 0.05234375 0.05703125
4 0.81640625 0.59609375 0.06171875 0.08125
4 0.7875 0.559375 0.04375 0.0515625
4 0.73828125 0.67109375 0.07890625 0.05
4 0.76796875 0.50078125 0.065625 0.05703125
4 0.78984375 0.68125 0.05703125 0.04453125
4 0.62890625 0.70625 0.06875 0.05
4 0.72265625 0.8046875 0.05 0.0390625
5 0.39609375 0.953125 0.08359375 0.090625
4 0.5703125 0.375 0.07421875 0.04296875
4 0.73046875 0.384375 0.06328125 0.0390625
4 0.68984375 0.609375 0.07890625 0.0515625
4 0.67578125 0.41484375 0.07421875 0.059375
4 0.66640625 0.746875 0.06171875 0.04296875
4 0.76796875 0.71640625 0.06484375 0.04453125
4 0.59453125 0.51875 0.07734375 0.05546875
4 0.721875 0.73046875 0.04765625 0.04609375
4 0.73125 0.59453125 0.05 0.0296875
4 0.74609375 0.63125 0.04140625 0.0296875