4 0.1453125 0.67421875 0.06953125 0.03359375
4 0.075 0.76328125 0.05234375 0.06640625
4 0.2484375 0.98203125 0.06171875 0.03125
5 0.609375 0.953125 0.08359375 0.090625
4 0.27109375 0.80859375 0.090625 0.0390625
4 0.13359375 0.62421875 0.06015625 0.0484375
4 0.2015625 0.74453125 0.071875 0.03359375
4 0.07578125 0.93359375 0.06953125 0.06328125
4 0.18515625 0.8484375 0.059375 0.03359375
4 0.11640625 0.7796875 0.07421875 0.03671875
4 0.084375 0.82578125 0.05234375 0.03359375
4 0.240625 0.88046875 0.05234375 0.03125
4 0.11953125 0.87421875 0.05 0.03359375