4 0.13515625 0.61640625 0.06875 0.02578125
4 0.02109375 0.73203125 0.0375 0.0390625
4 0.2328125 0.98671875 0.06171875 0.021875
5 0.609375 0.953125 0.08359375 0.090625
4 0.22421875 0.828125 0.08515625 0.04453125
4 0.11484375 0.615625 0.06015625 0.05390625
4 0.17734375 0.7015625 0.075 0.0296875
4 0.04140625 0.9046875 0.065625 0.0609375
4 0.1609375 0.85703125 0.059375 0.0296875
4 0.1015625 0.77109375 0.07421875 0.0390625
4 0.04375 0.80390625 0.05390625 0.05546875
4 0.21171875 0.875 0.05546875 0.03125
4 0.11484375 0.809375 0.05703125 0.03671875
4 0.0859375 0.93359375 0.02578125 0.0484375
4 0.1328125 0.878125 0.065625 0.04453125