4 0.31640625 0.36796875 0.078125 0.090625
4 0.31015625 0.553125 0.11015625 0.14609375
4 0.5015625 0.32890625 0.10703125 0.13515625
4 0.2 0.334375 0.11640625 0.11640625
4 0.4296875 0.2546875 0.05703125 0.06484375
4 0.25859375 0.31484375 0.096875 0.16328125
4 0.16640625 0.27578125 0.103125 0.13671875
4 0.31796875 0.16796875 0.12265625 0.17578125
4 0.33125 0.26875 0.09375 0.10703125
4 0.21953125 0.16640625 0.115625 0.178125
4 0.23984375 0.434375 0.10234375 0.12421875
4 0.23046875 0.06484375 0.06484375 0.1
4 0.24921875 0.16875 0.0875 0.11875
4 0.415625 0.396875 0.12890625 0.11640625
4 0.39921875 0.0453125 0.075 0.07578125
4 0.21171875 0.46796875 0.125 0.15703125
4 0.45859375 0.4390625 0.096875 0.1296875
5 0.60859375 0.05859375 0.06015625 0.11328125