5 0.528125 0.10703125 0.04609375 0.08515625
4 0.24921875 0.29296875 0.065625 0.1
4 0.3484375 0.23984375 0.05703125 0.1203125
0 0.446875 0.06171875 0.03359375 0.0609375
4 0.39765625 0.12578125 0.065625 0.1703125
4 0.28203125 0.1203125 0.07890625 0.11484375
4 0.19140625 0.11015625 0.02734375 0.0984375
4 0.16640625 0.13671875 0.02578125 0.07421875
4 0.415625 0.0375 0.0515625 0.0734375
4 0.3984375 0.11640625 0.01953125 0.11484375
4 0.29140625 0.2 0.09140625 0.06640625
4 0.21171875 0.1890625 0.04140625 0.08515625
4 0.32109375 0.0359375 0.06640625 0.06953125
4 0.1671875 0.2703125 0.06953125 0.059375