4 0.80234375 0.66484375 0.06171875 0.03359375
4 0.8765625 0.709375 0.046875 0.03671875
4 0.8328125 0.86171875 0.05703125 0.04296875
4 0.64296875 0.896875 0.05546875 0.04296875
5 0.390625 0.953125 0.08359375 0.090625
4 0.71640625 0.6890625 0.071875 0.04453125
4 0.81640625 0.634375 0.06796875 0.0390625
4 0.79296875 0.88125 0.06484375 0.04453125
4 0.73359375 0.6859375 0.05625 0.04609375
4 0.84921875 0.940625 0.06171875 0.03671875
4 0.684375 0.76015625 0.04375 0.05703125
4 0.76328125 0.79921875 0.05234375 0.04296875
4 0.834375 0.76953125 0.06875 0.03125
4 0.79609375 0.975 0.040625 0.03515625