4 0.29140625 0.72890625 0.06015625 0.05703125
4 0.27578125 0.6203125 0.059375 0.078125
4 0.28828125 0.60703125 0.046875 0.040625
4 0.30390625 0.4890625 0.05546875 0.04453125
4 0.31796875 0.44375 0.059375 0.07578125
4 0.33125 0.69921875 0.07265625 0.07578125
4 0.25390625 0.503125 0.053125 0.08359375
4 0.38046875 0.42890625 0.05234375 0.05390625
4 0.3890625 0.390625 0.065625 0.04453125
5 0.60390625 0.046875 0.08359375 0.090625
4 0.4765625 0.725 0.08046875 0.04296875
4 0.40625 0.86015625 0.05390625 0.03125
4 0.3734375 0.51484375 0.071875 0.0484375
4 0.47890625 0.66875 0.08125 0.0296875
4 0.46953125 0.46015625 0.059375 0.05
4 0.32890625 0.38984375 0.06875 0.04296875
4 0.4609375 0.58203125 0.06796875 0.07578125
4 0.33984375 0.41328125 0.03046875 0.02578125
4 0.36171875 0.5734375 0.05859375 0.0390625
4 0.36015625 0.50546875 0.04921875 0.0296875