5 0.528125 0.10703125 0.04609375 0.08515625
4 0.24921875 0.29296875 0.065625 0.1
4 0.35078125 0.23828125 0.05546875 0.1203125
0 0.44765625 0.0609375 0.034375 0.06328125
4 0.39609375 0.128125 0.0625 0.16328125
4 0.28203125 0.11953125 0.07734375 0.1203125
4 0.190625 0.11171875 0.02734375 0.0984375
4 0.16640625 0.13671875 0.02578125 0.07421875
4 0.41640625 0.03828125 0.05234375 0.075
4 0.3953125 0.11875 0.01953125 0.11484375
4 0.29453125 0.2015625 0.09140625 0.0703125
4 0.2125 0.19296875 0.04375 0.08515625
4 0.325 0.0390625 0.0671875 0.0765625
4 0.16796875 0.271875 0.06875 0.059375