4 0.6421875 0.290625 0.08046875 0.09609375
4 0.48125 0.17890625 0.1 0.109375
4 0.73671875 0.10625 0.08203125 0.090625
4 0.70546875 0.09296875 0.11640625 0.140625
4 0.56328125 0.26640625 0.07265625 0.09296875
4 0.7 0.028125 0.07421875 0.0546875
4 0.71328125 0.259375 0.08828125 0.1109375
4 0.61640625 0.05390625 0.0859375 0.10625
4 0.55234375 0.16328125 0.096875 0.14453125
4 0.53125 0.0171875 0.0515625 0.03203125
4 0.65234375 0.171875 0.06171875 0.09609375
4 0.4765625 0.07890625 0.09453125 0.1015625
4 0.44375 0.13046875 0.08515625 0.08359375
4 0.6890625 0.20078125 0.08828125 0.13515625
5 0.39140625 0.05859375 0.06015625 0.11328125