4 0.27109375 0.33046875 0.0625 0.04296875
4 0.24765625 0.45703125 0.06171875 0.06328125
4 0.2609375 0.40546875 0.03828125 0.04453125
4 0.30703125 0.53828125 0.04453125 0.05
4 0.30234375 0.578125 0.06328125 0.078125
4 0.30703125 0.36171875 0.06640625 0.06484375
4 0.24453125 0.59296875 0.05 0.06640625
4 0.3921875 0.5515625 0.04453125 0.078125
4 0.3609375 0.65 0.05546875 0.05546875
5 0.60390625 0.953125 0.08359375 0.090625
4 0.45390625 0.25 0.07890625 0.040625
4 0.36640625 0.1515625 0.06640625 0.06640625
4 0.36171875 0.47578125 0.07265625 0.08125
4 0.43203125 0.3109375 0.07109375 0.040625
4 0.44375 0.56875 0.0625 0.0484375
4 0.28828125 0.66328125 0.06015625 0.03671875
4 0.45625 0.43046875 0.07109375 0.0609375
4 0.321875 0.61484375 0.03125 0.02578125
4 0.32109375 0.453125 0.04765625 0.05