4 0.15 0.240625 0.03359375 0.021875
4 0.10546875 0.31796875 0.04765625 0.028125
4 0.0921875 0.3734375 0.028125 0.0203125
4 0.08828125 0.50390625 0.034375 0.02578125
5 0.46484375 0.08125 0.06171875 0.12578125
4 0.09609375 0.16875 0.04609375 0.02578125
4 0.05078125 0.190625 0.02734375 0.01875
0 0.60078125 0.090625 0.04140625 0.05546875
4 0.03125 0.05078125 0.0375 0.028125
4 0.07109375 0.18125 0.025 0.021875
4 0.01171875 0.12890625 0.0234375 0.0390625
4 0.02734375 0.26640625 0.02109375 0.02578125
4 0.00859375 0.446875 0.0171875 0.01875
4 0.01171875 0.38125 0.0234375 0.021875