4 0.72890625 0.33046875 0.0625 0.04296875
4 0.75234375 0.45703125 0.06171875 0.06328125
4 0.7390625 0.40546875 0.03828125 0.04453125
4 0.69296875 0.53828125 0.04453125 0.05
4 0.69765625 0.578125 0.06328125 0.078125
4 0.69296875 0.36171875 0.06640625 0.06484375
4 0.75546875 0.59296875 0.05 0.06640625
4 0.6078125 0.5515625 0.04453125 0.078125
4 0.6390625 0.65 0.05546875 0.05546875
5 0.39609375 0.953125 0.08359375 0.090625
4 0.54609375 0.25 0.07890625 0.040625
4 0.63359375 0.1515625 0.06640625 0.06640625
4 0.63828125 0.47578125 0.07265625 0.08125
4 0.56796875 0.3109375 0.07109375 0.040625
4 0.55625 0.56875 0.0625 0.0484375
4 0.71171875 0.66328125 0.06015625 0.03671875
4 0.54375 0.43046875 0.07109375 0.0609375
4 0.678125 0.61484375 0.03125 0.02578125
4 0.67890625 0.453125 0.04765625 0.05